2015-03-18,41.43,42.83,41.33,42.50,43971800,42.50
2015-03-17,41.37,41.83,41.15,41.70,31587200,41.70
2015-03-16,41.47,41.64,41.28,41.56,34894300,41.56
2015-03-13,40.70,41.47,40.61,41.38,58007700,41.38
2015-03-12,41.33,41.65,40.86,41.02,59992500,41.02
2015-03-11,42.31,42.37,41.84,41.98,32215300,41.98
2015-03-10,42.35,42.71,42.03,42.03,39159700,42.03
2015-03-09,42.19,43.13,42.19,42.85,32108000,42.85
2015-03-06,43.00,43.11,42.15,42.36,36248800,42.36
2015-03-05,43.07,43.24,42.82,43.11,23193500,43.11
2015-03-04,43.01,43.21,42.88,43.06,25748700,43.06
2015-03-03,43.56,43.83,43.09,43.28,31748600,43.28
2015-03-02,43.67,44.19,43.55,43.88,31924000,43.88
2015-02-27,44.13,44.20,43.66,43.85,33807700,43.85
2015-02-26,43.99,44.23,43.89,44.06,28957300,44.06
2015-02-25,43.95,44.09,43.80,43.99,29759800,43.99
2015-02-24,44.15,44.30,43.92,44.09,25271700,44.09
2015-02-23,43.70,44.19,43.65,44.15,32518800,44.15
2015-02-20,43.51,43.88,43.29,43.86,29721100,43.86
2015-02-19,43.18,43.53,43.05,43.50,27603400,43.50
2015-02-18,43.63,43.70,43.39,43.53,27111700,43.53
2015-02-17,43.97,44.00,43.19,43.58,33695700,43.58
2015-02-13,43.38,43.87,43.15,43.87,40264900,43.56
2015-02-12,42.66,43.09,42.51,43.09,33268800,42.79
2015-02-11,42.65,42.65,42.21,42.38,38262500,42.08
2015-02-10,42.74,42.77,42.18,42.60,29670700,42.30
2015-02-09,42.24,42.74,42.21,42.36,31381100,42.06
2015-02-06,42.68,42.79,42.15,42.41,34311700,42.11
2015-02-05,42.22,42.64,41.86,42.45,36548200,42.15
2015-02-04,41.94,42.21,41.36,41.84,41614800,41.54
2015-02-03,41.63,41.93,41.05,41.60,52082400,41.31
2015-02-02,40.59,41.37,40.23,41.28,50352500,40.99
2015-01-30,41.55,41.58,40.35,40.40,78004900,40.11
2015-01-29,40.93,42.12,40.79,42.01,63585300,41.71
2015-01-28,42.74,42.79,41.16,41.19,84507100,40.90
2015-01-27,42.95,43.20,42.11,42.66,169164000,42.36
2015-01-26,47.00,47.13,46.24,47.01,42525500,46.68
2015-01-23,47.36,47.39,46.80,47.18,26211600,46.85
2015-01-22,46.38,47.14,46.08,47.13,35898000,46.80
2015-01-21,45.94,46.14,45.48,45.92,39081100,45.60
2015-01-20,46.30,46.65,45.57,46.39,36161900,46.06
2015-01-16,45.31,46.28,45.17,46.24,35695300,45.91
2015-01-15,46.22,46.38,45.41,45.48,32742300,45.16
2015-01-14,45.96,46.24,45.62,45.96,29719600,45.64
2015-01-13,46.97,47.91,46.06,46.36,35270600,46.03
2015-01-12,47.42,47.54,46.36,46.60,23651900,46.27
2015-01-09,47.61,47.82,46.90,47.19,23942800,46.86
2015-01-08,46.75,47.75,46.72,47.59,29645200,47.25
2015-01-07,45.98,46.46,45.49,46.23,29114100,45.90
2015-01-06,46.38,46.75,45.54,45.65,36447900,45.33
2015-01-05,46.37,46.73,46.25,46.33,39673900,46.00
2015-01-02,46.66,47.42,46.54,46.76,27913900,46.43
2014-12-31,46.73,47.44,46.45,46.45,21552500,46.12
2014-12-30,47.44,47.62,46.84,47.02,16384700,46.69
2014-12-29,47.70,47.78,47.26,47.45,14439500,47.11
2014-12-26,48.41,48.41,47.82,47.88,13197800,47.54
2014-12-24,48.64,48.64,48.08,48.14,11437800,47.80
2014-12-23,48.37,48.80,48.13,48.45,23648100,48.11
2014-12-22,47.78,48.12,47.71,47.98,26566000,47.64
2014-12-19,47.63,48.10,47.17,47.66,64551200,47.32
2014-12-18,46.58,47.52,46.34,47.52,40105600,47.18
2014-12-17,45.05,45.95,44.90,45.74,34970900,45.42
2014-12-16,45.90,46.34,45.13,45.16,47801400,44.84
2014-12-15,47.20,47.67,46.55,46.67,29247800,46.34
2014-12-12,46.78,47.73,46.67,46.95,34248400,46.62
2014-12-11,47.08,47.74,46.68,47.17,29060400,46.84
2014-12-10,47.58,47.66,46.70,46.90,30431800,46.57
2014-12-09,47.11,47.92,47.05,47.59,24330500,47.25
2014-12-08,48.26,48.35,47.45,47.70,26663100,47.36
2014-12-05,48.82,48.97,48.38,48.42,27313400,48.08
2014-12-04,48.39,49.06,48.20,48.84,30320400,48.49
2014-12-03,48.44,48.50,47.81,48.08,23534800,47.74
2014-12-02,48.84,49.05,48.20,48.46,25743000,48.12
2014-12-01,47.88,48.78,47.71,48.62,31191600,48.28
2014-11-28,47.95,48.20,47.61,47.81,21534400,47.47
2014-11-26,47.49,47.99,47.28,47.75,27163600,47.41
2014-11-25,47.66,47.97,47.45,47.47,28007900,47.13
2014-11-24,47.99,48.00,47.39,47.59,35434200,47.25
2014-11-21,49.02,49.05,47.57,47.98,42883100,47.64
2014-11-20,48.00,48.70,47.87,48.70,21500700,48.36
2014-11-19,48.66,48.75,47.93,48.22,26176800,47.88
2014-11-18,49.13,49.33,48.70,48.74,23995500,48.40
2014-11-17,49.41,49.71,49.14,49.46,30315500,48.80
2014-11-14,49.74,50.05,49.39,49.58,29081700,48.92
2014-11-13,48.81,49.65,48.71,49.61,26208800,48.95
2014-11-12,48.56,48.92,48.52,48.78,22722000,48.13
2014-11-11,48.85,48.95,48.65,48.87,23445200,48.22
2014-11-10,48.65,49.15,48.55,48.89,36370100,48.24
2014-11-07,48.92,48.92,48.29,48.68,28000600,48.03
2014-11-06,47.86,48.86,47.79,48.70,33037800,48.05
2014-11-05,47.80,47.90,47.26,47.86,22449600,47.22
2014-11-04,47.30,47.73,47.25,47.57,21530800,46.94
2014-11-03,46.89,47.46,46.73,47.44,23130400,46.81
2014-10-31,46.94,46.97,46.48,46.95,35849700,46.33
2014-10-30,46.32,46.32,45.77,46.05,30073900,45.44
2014-10-29,46.44,46.70,46.34,46.62,30276100,46.00
2014-10-28,45.86,46.50,45.77,46.49,29024600,45.87
2014-10-27,45.71,46.10,45.71,45.91,30371300,45.30
2014-10-24,46.83,46.90,45.18,46.13,61076700,45.52
2014-10-23,44.62,45.45,44.53,45.02,45451900,44.42
2014-10-22,45.00,45.07,44.23,44.38,33570900,43.79
2014-10-21,44.36,44.98,44.19,44.88,36433800,44.28
2014-10-20,43.06,44.14,42.81,44.08,34527900,43.49
2014-10-17,43.20,43.94,42.79,43.63,40683300,43.05
2014-10-16,42.53,43.08,42.22,42.74,49040400,42.17
2014-10-15,43.00,43.39,42.10,43.22,60218700,42.65
2014-10-14,43.87,44.38,43.56,43.73,38115700,43.15
2014-10-13,43.82,44.56,43.49,43.65,37100200,43.07
2014-10-10,45.60,46.12,43.95,44.03,51978100,43.44
2014-10-09,46.50,46.80,45.74,45.85,34422800,45.24
2014-10-08,45.48,46.89,45.34,46.78,33031000,46.16
2014-10-07,45.86,45.93,45.42,45.53,25723700,44.92
2014-10-06,46.12,46.30,45.92,46.09,20604000,45.48
2014-10-03,45.98,46.30,45.61,46.09,32453200,45.48
2014-10-02,45.83,46.10,45.64,45.76,25119400,45.15
2014-10-01,46.27,46.53,45.85,45.90,38088400,45.29
2014-09-30,46.37,46.48,46.01,46.36,33033100,45.74
2014-09-29,45.98,46.56,45.76,46.44,26091000,45.82
2014-09-26,45.93,46.62,45.76,46.41,27078800,45.79
2014-09-25,46.88,47.09,46.03,46.04,33077400,45.43
2014-09-24,46.63,47.11,46.34,47.08,26582700,46.45
2014-09-23,46.85,46.98,46.47,46.56,33430300,45.94
2014-09-22,47.30,47.38,46.98,47.06,38686100,46.43
2014-09-19,46.81,47.57,46.60,47.52,202522400,46.89
2014-09-18,46.59,46.83,46.46,46.68,35556600,46.06
2014-09-17,46.26,46.69,46.23,46.52,38311900,45.90
2014-09-16,46.39,46.85,46.29,46.76,27910600,46.14
2014-09-15,46.54,46.71,46.10,46.24,37667600,45.63
2014-09-12,46.91,47.02,46.60,46.70,38244700,46.08
2014-09-11,46.74,47.00,46.47,47.00,29216400,46.38
2014-09-10,46.82,46.94,46.28,46.84,27302400,46.22
2014-09-09,46.47,46.97,46.42,46.76,40302400,46.14
2014-09-08,46.02,46.80,45.99,46.47,45736700,45.85
2014-09-05,45.11,45.93,45.11,45.91,36939400,45.30
2014-09-04,44.74,45.27,44.72,45.26,26475500,44.66
2014-09-03,44.53,45.11,44.53,44.96,33684500,44.36
2014-09-02,45.43,45.46,44.85,45.09,22976800,44.49
2014-08-29,45.09,45.44,44.86,45.43,21607600,44.83
2014-08-28,44.75,44.98,44.61,44.88,17657600,44.28
2014-08-27,44.90,45.00,44.76,44.87,21287900,44.27
2014-08-26,45.31,45.40,44.94,45.01,14873100,44.41
2014-08-25,45.40,45.44,45.04,45.17,16910000,44.57
2014-08-22,45.35,45.47,45.07,45.15,18294500,44.55
2014-08-21,44.84,45.25,44.83,45.22,22285500,44.62
2014-08-20,45.34,45.40,44.90,44.95,24770500,44.35
2014-08-19,44.97,45.34,44.83,45.33,28139500,44.73
2014-08-18,44.94,45.11,44.68,45.11,26891100,44.23
2014-08-15,44.58,44.90,44.40,44.79,41611300,43.92
2014-08-14,44.08,44.42,44.01,44.27,19313200,43.41
2014-08-13,43.68,44.18,43.52,44.08,22889500,43.22
2014-08-12,43.04,43.59,43.00,43.52,21431100,42.68
2014-08-11,43.26,43.45,43.02,43.20,20351600,42.36
2014-08-08,43.23,43.32,42.91,43.20,28942700,42.36
2014-08-07,42.84,43.45,42.65,43.23,30314900,42.39
2014-08-06,42.74,43.17,42.21,42.74,24634000,41.91
2014-08-05,43.31,43.46,42.83,43.08,26266400,42.24
2014-08-04,42.97,43.47,42.81,43.37,34277400,42.53
2014-08-01,43.21,43.25,42.60,42.86,31170300,42.03
2014-07-31,43.38,43.69,43.08,43.16,31537500,42.32
2014-07-30,44.07,44.10,43.29,43.58,31921400,42.73
2014-07-29,43.91,44.09,43.64,43.89,27763100,43.04
2014-07-28,44.36,44.51,43.93,43.97,29684200,43.12
2014-07-25,44.30,44.66,44.30,44.50,26737700,43.64
2014-07-24,44.93,45.00,44.32,44.40,30725300,43.54
2014-07-23,45.45,45.45,44.62,44.87,52362900,44.00
2014-07-22,45.00,45.15,44.59,44.83,43095800,43.96
2014-07-21,44.56,45.16,44.22,44.84,37604400,43.97
2014-07-18,44.65,44.84,44.25,44.69,43407500,43.82
2014-07-17,45.45,45.71,44.25,44.53,82180300,43.67
2014-07-16,42.51,44.31,42.48,44.08,63318000,43.22
2014-07-15,42.33,42.47,42.03,42.45,28748700,41.63
2014-07-14,42.22,42.45,42.04,42.14,21881100,41.32
2014-07-11,41.70,42.09,41.48,42.09,24083000,41.27
2014-07-10,41.37,42.00,41.05,41.69,21854700,40.88
2014-07-09,41.98,41.99,41.53,41.67,18445900,40.86
2014-07-08,41.87,42.00,41.61,41.78,31218200,40.97
2014-07-07,41.75,42.12,41.71,41.99,21952400,41.17
2014-07-03,41.91,41.99,41.56,41.80,15969300,40.99
2014-07-02,41.73,41.90,41.53,41.90,20208100,41.09
2014-07-01,41.86,42.15,41.69,41.87,26917000,41.06
2014-06-30,42.17,42.21,41.70,41.70,30805500,40.89
2014-06-27,41.61,42.29,41.51,42.25,74640000,41.43
2014-06-26,41.93,41.94,41.43,41.72,23604400,40.91
2014-06-25,41.70,42.05,41.46,42.03,20049100,41.21
2014-06-24,41.83,41.94,41.56,41.75,26509100,40.94
2014-06-23,41.73,42.00,41.69,41.99,18743900,41.17
2014-06-20,41.45,41.83,41.38,41.68,47764900,40.87
2014-06-19,41.57,41.77,41.33,41.51,19828200,40.70
2014-06-18,41.61,41.74,41.18,41.65,27097000,40.84
2014-06-17,41.29,41.91,40.34,41.68,22518600,40.87
2014-06-16,41.04,41.61,41.04,41.50,24205300,40.69
2014-06-13,41.10,41.57,40.86,41.23,26310000,40.43
2014-06-12,40.81,40.88,40.29,40.58,29818900,39.79
2014-06-11,40.93,41.07,40.77,40.86,18040000,40.07
2014-06-10,41.03,41.16,40.86,41.11,15117700,40.31
2014-06-09,41.39,41.48,41.02,41.27,15019200,40.47
2014-06-06,41.48,41.66,41.24,41.48,24060500,40.67
2014-06-05,40.59,41.25,40.40,41.21,31865200,40.41
2014-06-04,40.21,40.37,39.86,40.32,23209000,39.54
2014-06-03,40.60,40.68,40.25,40.29,18068900,39.51
2014-06-02,40.95,41.09,40.68,40.79,18504300,40.00
2014-05-30,40.45,40.97,40.25,40.94,34567600,40.15
2014-05-29,40.15,40.35,39.91,40.34,19888200,39.56
2014-05-28,40.14,40.19,39.82,40.01,25711500,39.23
2014-05-27,40.26,40.26,39.81,40.19,26160600,39.41
2014-05-23,40.37,40.37,40.00,40.12,18020000,39.34
2014-05-22,40.29,40.35,39.85,40.10,20201800,39.32
2014-05-21,39.80,40.35,39.74,40.35,22398700,39.57
2014-05-20,39.68,39.94,39.46,39.68,21320900,38.91
2014-05-19,39.61,39.82,39.46,39.75,24537400,38.98
2014-05-16,39.67,39.84,39.27,39.83,29867100,39.06
2014-05-15,40.09,40.40,39.51,39.60,37793200,38.83
2014-05-14,40.30,40.45,40.05,40.24,18818700,39.46
2014-05-13,39.92,40.50,39.85,40.42,27004800,39.64
2014-05-12,39.74,40.02,39.65,39.97,22782600,38.92
2014-05-09,39.54,39.85,39.37,39.54,29647600,38.50
2014-05-08,39.34,39.90,38.97,39.64,32120400,38.60
2014-05-07,39.22,39.51,38.51,39.42,41744500,38.38
2014-05-06,39.29,39.35,38.95,39.06,27112400,38.03
2014-05-05,39.52,39.64,39.30,39.43,22460900,38.39
2014-05-02,40.31,40.34,39.66,39.69,43416600,38.65
2014-05-01,40.24,40.36,39.95,40.00,28787400,38.95
2014-04-30,40.40,40.50,40.17,40.40,35458700,39.34
2014-04-29,41.10,41.19,40.39,40.51,29636200,39.45
2014-04-28,40.14,41.29,40.09,40.87,50610200,39.80
2014-04-25,40.29,40.68,39.75,39.91,56876800,38.86
2014-04-24,39.74,39.97,39.30,39.86,42381600,38.81
2014-04-23,39.99,39.99,39.47,39.69,24602800,38.65
2014-04-22,39.96,40.14,39.83,39.99,27056700,38.94
2014-04-21,40.13,40.15,39.79,39.94,22221200,38.89
2014-04-17,40.01,40.20,39.51,40.01,36689400,38.96
2014-04-16,40.06,40.42,39.91,40.40,30615800,39.34
2014-04-15,39.34,39.96,39.05,39.75,33968700,38.71
2014-04-14,39.11,39.41,38.90,39.18,32006600,38.15
2014-04-11,39.00,39.79,39.00,39.21,34330200,38.18
2014-04-10,40.44,40.69,39.09,39.36,45960800,38.33
2014-04-09,39.93,40.55,39.88,40.47,27398700,39.41
2014-04-08,39.75,39.93,39.20,39.82,35918600,38.77
2014-04-07,39.96,40.27,39.74,39.80,37559600,38.75
2014-04-04,41.25,41.39,39.64,39.87,51409600,38.82
2014-04-03,41.29,41.29,40.71,41.01,30139600,39.93
2014-04-02,41.44,41.66,41.17,41.35,28666700,40.26
2014-04-01,41.15,41.59,41.07,41.42,32605000,40.33
2014-03-31,40.43,41.50,40.40,40.99,46886300,39.91
2014-03-28,39.79,40.64,39.68,40.30,43472700,39.24
2014-03-27,39.74,39.97,39.34,39.36,35369200,38.33
2014-03-26,40.48,40.71,39.60,39.79,41977500,38.74
2014-03-25,40.66,40.99,39.96,40.34,43193100,39.28
2014-03-24,40.34,40.64,39.86,40.50,46098400,39.44
2014-03-21,40.72,40.94,40.01,40.16,80721800,39.10
2014-03-20,39.25,40.65,39.24,40.33,59269800,39.27
2014-03-19,39.47,39.55,38.91,39.27,35597200,38.24
2014-03-18,38.26,39.90,38.22,39.55,64063900,38.51

2015-10-02,44.27,45.57,43.919998,45.57,41571500,45.57
2015-10-01,44.75,44.75,43.75,44.610001,28470400,44.610001
2015-09-30,43.880001,44.299999,43.66,44.259998,34589500,44.259998
2015-09-29,43.369999,43.57,43.049999,43.439999,32654000,43.439999
2015-09-28,43.830002,44.09,43.209999,43.290001,27219400,43.290001
2015-09-25,44.48,44.73,43.759998,43.939999,29177300,43.939999
2015-09-24,43.450001,44.130001,43.27,43.91,27652700,43.91
2015-09-23,43.93,44.169998,43.509998,43.869999,17057200,43.869999
2015-09-22,43.380001,44.049999,43.310001,43.900002,27824100,43.900002
2015-09-21,43.619999,44.470001,43.599998,44.110001,26075400,44.110001
2015-09-18,43.50,43.990002,43.330002,43.48,62221600,43.48
2015-09-17,44.290001,45.00,44.080002,44.25,29817900,44.25
2015-09-16,43.970001,44.380001,43.84,44.299999,23256700,44.299999
2015-09-15,43.189999,44.290001,43.080002,43.98,28662100,43.98
2015-09-14,43.43,43.439999,42.860001,43.040001,23633300,43.040001
2015-09-11,43.139999,43.59,42.939999,43.48,26184400,43.48
2015-09-10,43.119999,43.790001,42.75,43.290001,31234200,43.290001
2015-09-09,44.209999,44.400002,42.91,43.07,33318800,43.07
2015-09-08,43.299999,44.00,43.200001,43.889999,32204900,43.889999
2015-09-04,42.810001,43.040001,42.200001,42.610001,37124100,42.610001
2015-09-03,43.41,43.98,43.279999,43.50,28053200,43.50
2015-09-02,42.360001,43.380001,41.880001,43.360001,37490400,43.360001
2015-09-01,42.169998,42.59,41.66,41.82,49194700,41.82
2015-08-31,43.560001,43.93,43.099998,43.52,34159100,43.52
2015-08-28,43.400002,44.150002,43.389999,43.93,28104200,43.93
2015-08-27,43.23,43.950001,42.93,43.900002,50498300,43.900002
2015-08-26,42.009998,42.84,41.060001,42.709999,63031300,42.709999
2015-08-25,42.57,43.240002,40.389999,40.470001,70239300,40.470001
2015-08-24,40.450001,42.689999,39.720001,41.68,88049600,41.68
2015-08-21,45.299999,45.48,43.07,43.07,68835500,43.07
2015-08-20,46.07,46.470001,45.66,45.66,35671800,45.66
2015-08-19,46.779999,47.080002,46.299999,46.610001,31444000,46.610001
2015-08-18,46.84,47.43,46.700001,47.27,23305600,47.27
2015-08-17,46.810001,47.450001,46.57,47.32,21099700,47.009999
2015-08-14,46.529999,47.099998,46.52,47.00,21473400,46.692096
2015-08-13,47.060001,47.099998,46.490002,46.73,22627200,46.423864
2015-08-12,46.189999,46.900002,45.709999,46.740002,30181400,46.433801
2015-08-11,46.82,46.939999,45.900002,46.41,29237400,46.105961
2015-08-10,46.950001,47.490002,46.84,47.330002,23079900,47.019936
2015-08-07,46.389999,46.779999,46.259998,46.740002,19163000,46.433801
2015-08-06,47.709999,47.77,46.330002,46.619999,27368000,46.314584
2015-08-05,47.98,48.41,47.540001,47.580002,26959700,47.268298
2015-08-04,46.75,47.709999,46.68,47.540001,33403900,47.228559
2015-08-03,46.98,47.00,46.450001,46.810001,24125900,46.503342
2015-07-31,47.290001,47.369999,46.50,46.700001,31201500,46.394062
2015-07-30,46.259998,47.400002,45.93,46.880001,39777900,46.572883
2015-07-29,45.400002,46.779999,45.259998,46.290001,40945900,45.986748
2015-07-28,45.580002,45.639999,44.790001,45.34,34328900,45.042971
2015-07-27,45.939999,46.009998,45.25,45.349998,39701400,45.052904
2015-07-24,45.91,46.32,45.799999,45.939999,32333200,45.639039
2015-07-23,45.27,46.23,45.099998,46.110001,33934000,45.807927
2015-07-22,45.439999,46.93,45.200001,45.540001,59152400,45.241662
2015-07-21,46.779999,47.330002,46.48,47.279999,42781900,46.970261
2015-07-20,46.650002,47.130001,46.439999,46.919998,30631900,46.612618
2015-07-17,46.549999,46.779999,46.259998,46.619999,29467100,46.314584
2015-07-16,46.009998,46.689999,45.970001,46.66,26271700,46.354323
2015-07-15,45.68,45.889999,45.43,45.759998,26629600,45.460218
2015-07-14,45.450001,45.959999,45.310001,45.619999,22880300,45.321136
2015-07-13,44.98,45.619999,44.950001,45.540001,28178300,45.241662
2015-07-10,45.009998,45.139999,44.57,44.610001,25465800,44.317754
2015-07-09,44.75,45.220001,44.50,44.52,32424700,44.228343
2015-07-08,44.439999,44.900002,44.029999,44.240002,39785900,43.950179
2015-07-07,44.34,44.490002,43.32,44.299999,36435800,44.009783
2015-07-06,43.959999,44.48,43.950001,44.389999,23034000,44.099194
2015-07-02,44.48,44.75,44.060001,44.400002,21752000,44.109131
2015-07-01,44.459999,45.23,44.099998,44.450001,28343900,44.158802
2015-06-30,44.709999,44.720001,43.939999,44.150002,35945400,43.860768
2015-06-29,45.040001,45.23,44.360001,44.369999,34081700,44.079325
2015-06-26,45.650002,46.279999,45.029999,45.259998,49835300,44.963493
2015-06-25,46.029999,46.060001,45.50,45.650002,20616000,45.350942
2015-06-24,45.669998,46.25,45.549999,45.639999,34890900,45.341005
2015-06-23,46.130001,46.279999,45.619999,45.91,25896500,45.609237
2015-06-22,46.330002,46.720001,46.16,46.23,20318100,45.92714
2015-06-19,46.790001,46.830002,45.990002,46.099998,63837000,45.797991
2015-06-18,46.220001,46.799999,46.169998,46.720001,32658300,46.413932
2015-06-17,45.73,46.07,45.360001,45.970001,28704100,45.668845
2015-06-16,45.349998,46.240002,45.299999,45.830002,27070300,45.529763
2015-06-15,45.450001,45.650002,45.02,45.48,33254500,45.182053
2015-06-12,46.220001,46.470001,45.900002,45.970001,23931000,45.668845
2015-06-11,46.66,46.919998,46.130001,46.439999,27347800,46.135763
2015-06-10,45.790001,46.830002,45.689999,46.610001,28417400,46.304652
2015-06-09,45.759998,45.939999,45.459999,45.650002,24406100,45.350942
2015-06-08,46.299999,46.43,45.669998,45.73,22121600,45.430416
2015-06-05,46.310001,46.52,45.84,46.139999,25438100,45.837729
2015-06-04,46.790001,47.16,46.200001,46.360001,27745500,46.056289
2015-06-03,47.369999,47.740002,46.82,46.849998,28002200,46.543077
2015-06-02,46.93,47.349998,46.619999,46.919998,21498300,46.612618
2015-06-01,47.060001,47.77,46.619999,47.23,28837300,46.920589
2015-05-29,47.43,47.57,46.59,46.860001,36519600,46.553014
2015-05-28,47.50,48.02,47.389999,47.450001,19283700,47.139149
2015-05-27,46.82,47.77,46.619999,47.610001,27335600,47.298101
2015-05-26,46.830002,46.880001,46.189999,46.59,29581900,46.284782
2015-05-22,47.299999,47.349998,46.82,46.900002,25720600,46.592753
2015-05-21,47.279999,47.599998,47.009998,47.419998,22410700,47.109343
2015-05-20,47.389999,47.93,47.27,47.580002,25047900,47.268298
2015-05-19,47.560001,47.810001,47.18,47.580002,28574800,47.268298
2015-05-18,47.98,48.220001,47.610001,48.009998,24136500,47.387508
2015-05-15,48.869999,48.91,48.049999,48.299999,28642700,47.673748
2015-05-14,48.029999,48.82,48.029999,48.720001,32980900,48.088305
2015-05-13,48.189999,48.32,47.57,47.630001,34184600,47.012437
2015-05-12,46.849998,47.68,46.419998,47.349998,29928300,46.736065
2015-05-11,47.549999,47.91,47.369999,47.369999,24609400,46.755806
2015-05-08,47.549999,47.98,47.52,47.75,35364900,47.13088
2015-05-07,46.27,47.09,46.16,46.700001,32971700,46.094495
2015-05-06,47.57,47.77,46.02,46.279999,52433000,45.679939
2015-05-05,47.82,48.16,47.310001,47.599998,50369200,46.982824
2015-05-04,48.369999,48.869999,48.18,48.240002,34039500,47.614529
2015-05-01,48.580002,48.880001,48.400002,48.66,38937300,48.029081
2015-04-30,48.700001,49.540001,48.599998,48.639999,64725500,48.00934
2015-04-29,48.720001,49.310001,48.50,49.060001,47804600,48.423896
2015-04-28,47.779999,49.209999,47.700001,49.16,60730800,48.522598
2015-04-27,47.23,48.130001,47.220001,48.029999,59248200,47.407249
2015-04-24,45.66,48.139999,45.650002,47.869999,130933700,47.249323
2015-04-23,42.889999,43.610001,42.799999,43.34,46309500,42.77806
2015-04-22,42.669998,43.130001,42.549999,42.990002,25064300,42.432599
2015-04-21,43.00,43.150002,42.529999,42.639999,26013800,42.087135
2015-04-20,41.73,43.169998,41.68,42.91,46057700,42.353635
2015-04-17,41.669998,41.740002,41.16,41.619999,42387600,41.08036
2015-04-16,41.950001,42.34,41.82,42.16,22509700,41.613359
2015-04-15,41.759998,42.459999,41.68,42.259998,27343600,41.712061
2015-04-14,41.799999,42.029999,41.389999,41.650002,24244400,41.109974
2015-04-13,41.400002,42.060001,41.389999,41.759998,30276700,41.218544
2015-04-10,41.630001,41.950001,41.41,41.720001,28022000,41.179066
2015-04-09,41.25,41.619999,41.25,41.48,25723900,40.942176
2015-04-08,41.459999,41.689999,41.040001,41.419998,24753400,40.882952
2015-04-07,41.610001,41.91,41.310001,41.529999,28809400,40.991527
2015-04-06,40.34,41.779999,40.18,41.549999,39223700,41.011268
2015-04-02,40.66,40.740002,40.119999,40.290001,37487500,39.767606
2015-04-01,40.599998,40.759998,40.310001,40.720001,36865300,40.192031
2015-03-31,40.779999,41.029999,40.540001,40.66,34887200,40.132808
2015-03-30,41.099998,41.540001,40.91,40.959999,35049700,40.428918
2015-03-27,41.119999,41.43,40.830002,40.970001,34401400,40.43879
2015-03-26,41.220001,41.610001,40.919998,41.209999,37495600,40.675676
2015-03-25,42.919998,42.93,41.439999,41.459999,43469900,40.922435
2015-03-24,42.779999,43.169998,42.75,42.900002,25513300,42.343766
2015-03-23,42.880001,43.130001,42.779999,42.860001,26246100,42.304284
2015-03-20,42.560001,42.98,42.490002,42.880001,71904500,42.324025
2015-03-19,42.259998,42.59,42.220001,42.290001,33879100,41.741675
2015-03-18,41.43,42.830002,41.330002,42.50,44194800,41.948951
2015-03-17,41.369999,41.830002,41.150002,41.700001,31673400,41.159324
2015-03-16,41.470001,41.639999,41.279999,41.560001,35273500,41.02114
2015-03-13,40.700001,41.470001,40.610001,41.380001,58007700,40.843474
2015-03-12,41.330002,41.650002,40.860001,41.02,59992500,40.488141
2015-03-11,42.310001,42.369999,41.84,41.98,32215300,41.435693
2015-03-10,42.349998,42.709999,42.029999,42.029999,39159700,41.485044
2015-03-09,42.189999,43.130001,42.189999,42.849998,32108000,42.294411
2015-03-06,43.00,43.110001,42.150002,42.360001,36248800,41.810767
2015-03-05,43.07,43.240002,42.82,43.110001,23193500,42.551042
2015-03-04,43.009998,43.209999,42.880001,43.060001,25748700,42.501692
2015-03-03,43.560001,43.830002,43.09,43.279999,31748600,42.718836
2015-03-02,43.669998,44.189999,43.549999,43.880001,31924000,43.311059
2015-02-27,44.130001,44.200001,43.66,43.849998,33807700,43.281446
2015-02-26,43.990002,44.23,43.889999,44.060001,28957300,43.488726
2015-02-25,43.950001,44.09,43.799999,43.990002,29759800,43.419634
2015-02-24,44.150002,44.299999,43.919998,44.09,25271700,43.518335
2015-02-23,43.700001,44.189999,43.650002,44.150002,32518800,43.577559
2015-02-20,43.509998,43.880001,43.290001,43.860001,29721100,43.291318
2015-02-19,43.18,43.529999,43.049999,43.50,27603400,42.935985
2015-02-18,43.630001,43.700001,43.389999,43.529999,27111700,42.965595
2015-02-17,43.970001,44.00,43.189999,43.580002,33695700,43.01495
2015-02-13,43.380001,43.869999,43.150002,43.869999,40264900,42.995207
2015-02-12,42.66,43.09,42.509998,43.09,33268800,42.230762
2015-02-11,42.650002,42.650002,42.209999,42.380001,38262500,41.53492
2015-02-10,42.740002,42.77,42.18,42.599998,29670700,41.750531
2015-02-09,42.240002,42.740002,42.209999,42.360001,31381100,41.515319
2015-02-06,42.68,42.790001,42.150002,42.41,34311700,41.564321
2015-02-05,42.220001,42.639999,41.860001,42.450001,36548200,41.603524
2015-02-04,41.939999,42.209999,41.360001,41.84,41614800,41.005687
2015-02-03,41.630001,41.93,41.049999,41.599998,52082400,40.770471
2015-02-02,40.59,41.369999,40.23,41.279999,50352500,40.456853
2015-01-30,41.549999,41.580002,40.349998,40.400002,78004900,39.594403
2015-01-29,40.93,42.119999,40.790001,42.009998,63585300,41.172296
2015-01-28,42.740002,42.790001,41.16,41.189999,84507100,40.368647
2015-01-27,42.950001,43.200001,42.110001,42.66,169164000,41.809336
2015-01-26,47.00,47.130001,46.240002,47.009998,42525500,46.072593
2015-01-23,47.360001,47.389999,46.799999,47.18,26211600,46.239205
2015-01-22,46.380001,47.139999,46.080002,47.130001,35898000,46.190203
2015-01-21,45.939999,46.139999,45.48,45.919998,39081100,45.004328
2015-01-20,46.299999,46.650002,45.57,46.389999,36161900,45.464957
2015-01-16,45.310001,46.279999,45.169998,46.240002,35695300,45.31795
2015-01-15,46.220001,46.380001,45.41,45.48,32742300,44.573103
2015-01-14,45.959999,46.240002,45.619999,45.959999,29719600,45.043531
2015-01-13,46.970001,47.91,46.060001,46.360001,35270600,45.435556
2015-01-12,47.419998,47.540001,46.360001,46.599998,23651900,45.670769
2015-01-09,47.610001,47.82,46.900002,47.189999,23942800,46.249004
2015-01-08,46.75,47.75,46.720001,47.59,29645200,46.641029
2015-01-07,45.98,46.459999,45.490002,46.23,29114100,45.308148
2015-01-06,46.380001,46.75,45.540001,45.650002,36447900,44.739715
2015-01-05,46.369999,46.73,46.25,46.330002,39673900,45.406156
2015-01-02,46.66,47.419998,46.540001,46.759998,27913900,45.827578
2014-12-31,46.73,47.439999,46.450001,46.450001,21552500,45.523762
2014-12-30,47.439999,47.619999,46.84,47.02,16384700,46.082396
2014-12-29,47.700001,47.779999,47.259998,47.450001,14439500,46.503821
2014-12-26,48.41,48.41,47.82,47.880001,13197800,46.925247
2014-12-24,48.639999,48.639999,48.080002,48.139999,11437800,47.180061
2014-12-23,48.369999,48.799999,48.130001,48.450001,23648100,47.483881
2014-12-22,47.779999,48.119999,47.709999,47.98,26566000,47.023252
2014-12-19,47.630001,48.099998,47.169998,47.66,64551200,46.709633
2014-12-18,46.580002,47.52,46.34,47.52,40105600,46.572425
2014-12-17,45.049999,45.950001,44.900002,45.740002,34970900,44.827921
2014-12-16,45.900002,46.34,45.130001,45.16,47801400,44.259484
2014-12-15,47.200001,47.669998,46.549999,46.669998,29247800,45.739372
2014-12-12,46.779999,47.73,46.669998,46.950001,34248400,46.013792
2014-12-11,47.080002,47.740002,46.68,47.169998,29060400,46.229402
2014-12-10,47.580002,47.66,46.700001,46.900002,30431800,45.964789
2014-12-09,47.110001,47.919998,47.049999,47.59,24330500,46.641029
2014-12-08,48.259998,48.349998,47.450001,47.700001,26663100,46.748836
2014-12-05,48.82,48.970001,48.380001,48.419998,27313400,47.454477
2014-12-04,48.389999,49.060001,48.200001,48.84,30320400,47.866103
2014-12-03,48.439999,48.50,47.810001,48.080002,23534800,47.12126
2014-12-02,48.84,49.049999,48.200001,48.459999,25743000,47.49368
2014-12-01,47.880001,48.779999,47.709999,48.619999,31191600,47.650489
2014-11-28,47.950001,48.200001,47.610001,47.810001,21534400,46.856643
2014-11-26,47.490002,47.990002,47.279999,47.75,27163600,46.797838
2014-11-25,47.66,47.970001,47.450001,47.470001,28007900,46.523423
2014-11-24,47.990002,48.00,47.389999,47.59,35434200,46.641029
2014-11-21,49.02,49.049999,47.57,47.98,42883100,47.023252
2014-11-20,48.00,48.700001,47.869999,48.700001,21500700,47.728896
2014-11-19,48.66,48.75,47.93,48.220001,26176800,47.258468
2014-11-18,49.130001,49.330002,48.700001,48.740002,23995500,47.768099
2014-11-17,49.41,49.709999,49.139999,49.459999,30315500,48.169923
2014-11-14,49.740002,50.049999,49.389999,49.580002,29081700,48.286795
2014-11-13,48.810001,49.650002,48.709999,49.610001,26208800,48.316012
2014-11-12,48.560001,48.919998,48.52,48.779999,22722000,47.507659
2014-11-11,48.849998,48.950001,48.650002,48.869999,23445200,47.595311
2014-11-10,48.650002,49.150002,48.549999,48.889999,36370100,47.61479
2014-11-07,48.919998,48.919998,48.290001,48.68,28000600,47.410269
2014-11-06,47.860001,48.860001,47.790001,48.700001,33037800,47.429747
2014-11-05,47.799999,47.900002,47.259998,47.860001,22449600,46.611657
2014-11-04,47.299999,47.73,47.25,47.57,21530800,46.32922
2014-11-03,46.889999,47.459999,46.73,47.439999,23130400,46.20261
2014-10-31,46.939999,46.970001,46.48,46.950001,35849700,45.725393
2014-10-30,46.32,46.32,45.77,46.049999,30073900,44.848866
2014-10-29,46.439999,46.700001,46.34,46.619999,30276100,45.403999
2014-10-28,45.860001,46.50,45.77,46.490002,29024600,45.277392
2014-10-27,45.709999,46.099998,45.709999,45.91,30371300,44.712519
2014-10-24,46.830002,46.900002,45.18,46.130001,61076700,44.926782
2014-10-23,44.619999,45.450001,44.529999,45.02,45451900,43.845733
2014-10-22,45.00,45.07,44.23,44.380001,33570900,43.222427
2014-10-21,44.360001,44.98,44.189999,44.880001,36433800,43.709386
2014-10-20,43.060001,44.139999,42.810001,44.080002,34527900,42.930253
2014-10-17,43.200001,43.939999,42.790001,43.630001,40683300,42.49199
2014-10-16,42.529999,43.080002,42.220001,42.740002,49040400,41.625204
2014-10-15,43.00,43.389999,42.099998,43.220001,60218700,42.092684
2014-10-14,43.869999,44.380001,43.560001,43.73,38115700,42.58938
2014-10-13,43.82,44.560001,43.490002,43.650002,37100200,42.511468
2014-10-10,45.599998,46.119999,43.950001,44.029999,51978100,42.881554
2014-10-09,46.50,46.799999,45.740002,45.849998,34422800,44.654082
2014-10-08,45.48,46.889999,45.34,46.779999,33031000,45.559825
2014-10-07,45.860001,45.93,45.419998,45.529999,25723700,44.342429
2014-10-06,46.119999,46.299999,45.919998,46.09,20604000,44.887824
2014-10-03,45.98,46.299999,45.610001,46.09,32453200,44.887824
2014-10-02,45.830002,46.099998,45.639999,45.759998,25119400,44.56643
2014-10-01,46.27,46.529999,45.849998,45.900002,38088400,44.702781
2014-09-30,46.369999,46.48,46.009998,46.360001,33033100,45.150782
2014-09-29,45.98,46.560001,45.759998,46.439999,26091000,45.228693
2014-09-26,45.93,46.619999,45.759998,46.41,27078800,45.199477
2014-09-25,46.880001,47.09,46.029999,46.040001,33077400,44.839129
2014-09-24,46.630001,47.110001,46.34,47.080002,26582700,45.852003
2014-09-23,46.849998,46.98,46.470001,46.560001,33430300,45.345566
2014-09-22,47.299999,47.380001,46.98,47.060001,38686100,45.832524
2014-09-19,46.810001,47.57,46.599998,47.52,202522400,46.280525
2014-09-18,46.59,46.830002,46.459999,46.68,35556600,45.462435
2014-09-17,46.259998,46.689999,46.23,46.52,38311900,45.306609
2014-09-16,46.389999,46.849998,46.290001,46.759998,27910600,45.540346
2014-09-15,46.540001,46.709999,46.099998,46.240002,37667600,45.033913
2014-09-12,46.91,47.02,46.599998,46.700001,38244700,45.481914
2014-09-11,46.740002,47.00,46.470001,47.00,29216400,45.774088
2014-09-10,46.82,46.939999,46.279999,46.84,27302400,45.618262
2014-09-09,46.470001,46.970001,46.419998,46.759998,40302400,45.540346
2014-09-08,46.02,46.799999,45.990002,46.470001,45736700,45.257913
2014-09-05,45.110001,45.93,45.110001,45.91,36939400,44.712519
2014-09-04,44.740002,45.27,44.720001,45.259998,26475500,44.079471
2014-09-03,44.529999,45.110001,44.529999,44.959999,33684500,43.787297
2014-09-02,45.43,45.459999,44.849998,45.09,22976800,43.913907
2014-08-29,45.09,45.439999,44.860001,45.43,21607600,44.245039
2014-08-28,44.75,44.98,44.610001,44.880001,17657600,43.709386
2014-08-27,44.900002,45.00,44.759998,44.869999,21287900,43.699644
2014-08-26,45.310001,45.400002,44.939999,45.009998,14873100,43.835992
2014-08-25,45.400002,45.439999,45.040001,45.169998,16910000,43.991819
2014-08-22,45.349998,45.470001,45.07,45.150002,18294500,43.972344
2014-08-21,44.84,45.25,44.830002,45.220001,22285500,44.040517
2014-08-20,45.34,45.400002,44.900002,44.950001,24770500,43.77756
2014-08-19,44.970001,45.34,44.830002,45.330002,28139500,44.147649
2014-08-18,44.939999,45.110001,44.68,45.110001,26891100,43.660689
2014-08-15,44.580002,44.900002,44.400002,44.790001,41611300,43.35097
2014-08-14,44.080002,44.419998,44.009998,44.27,19313200,42.847676
2014-08-13,43.68,44.18,43.52,44.080002,22889500,42.663782
2014-08-12,43.040001,43.59,43.00,43.52,21431100,42.121773
2014-08-11,43.259998,43.450001,43.02,43.200001,20351600,41.812054
2014-08-08,43.23,43.32,42.91,43.200001,28942700,41.812054
2014-08-07,42.84,43.450001,42.650002,43.23,30314900,41.841089
2014-08-06,42.740002,43.169998,42.209999,42.740002,24634000,41.366834
2014-08-05,43.310001,43.459999,42.830002,43.080002,26266400,41.695911
2014-08-04,42.970001,43.470001,42.810001,43.369999,34277400,41.976591
2014-08-01,43.209999,43.25,42.599998,42.860001,31170300,41.482978
2014-07-31,43.380001,43.689999,43.080002,43.16,31537500,41.773338
2014-07-30,44.07,44.099998,43.290001,43.580002,31921400,42.179846
2014-07-29,43.91,44.09,43.639999,43.889999,27763100,42.479884
2014-07-28,44.360001,44.509998,43.93,43.970001,29684200,42.557316
2014-07-25,44.299999,44.66,44.299999,44.50,26737700,43.070286
2014-07-24,44.93,45.00,44.32,44.400002,30725300,42.973501
2014-07-23,45.450001,45.450001,44.619999,44.869999,52362900,43.428398
2014-07-22,45.00,45.150002,44.59,44.830002,43095800,43.389686
2014-07-21,44.560001,45.16,44.220001,44.84,37604400,43.399363
2014-07-18,44.650002,44.84,44.25,44.689999,43407500,43.254181
2014-07-17,45.450001,45.709999,44.25,44.529999,82180300,43.099321
2014-07-16,42.509998,44.310001,42.48,44.080002,63318000,42.663782
2014-07-15,42.330002,42.470001,42.029999,42.450001,28748700,41.08615
2014-07-14,42.220001,42.450001,42.040001,42.139999,21881100,40.786109
2014-07-11,41.700001,42.09,41.48,42.09,24083000,40.737716
2014-07-10,41.369999,42.00,41.049999,41.689999,21854700,40.350566
2014-07-09,41.98,41.990002,41.529999,41.669998,18445900,40.331208
2014-07-08,41.869999,42.00,41.610001,41.779999,31218200,40.437675
2014-07-07,41.75,42.119999,41.709999,41.990002,21952400,40.64093
2014-07-03,41.91,41.990002,41.560001,41.799999,15969300,40.457032
2014-07-02,41.73,41.900002,41.529999,41.900002,20208100,40.553822
2014-07-01,41.860001,42.150002,41.689999,41.869999,26917000,40.524783
2014-06-30,42.169998,42.209999,41.700001,41.700001,30805500,40.360247
2014-06-27,41.610001,42.290001,41.509998,42.25,74640000,40.892575
2014-06-26,41.93,41.939999,41.43,41.720001,23604400,40.379605
2014-06-25,41.700001,42.049999,41.459999,42.029999,20049100,40.679642
2014-06-24,41.830002,41.939999,41.560001,41.75,26509100,40.40864
2014-06-23,41.73,42.00,41.689999,41.990002,18743900,40.64093
2014-06-20,41.450001,41.830002,41.380001,41.68,47764900,40.340889
2014-06-19,41.57,41.77,41.330002,41.509998,19828200,40.176349
2014-06-18,41.610001,41.740002,41.18,41.650002,27097000,40.311854
2014-06-17,41.290001,41.91,40.34,41.68,22518600,40.340889
2014-06-16,41.040001,41.610001,41.040001,41.50,24205300,40.166672
2014-06-13,41.099998,41.57,40.860001,41.23,26310000,39.905346
2014-06-12,40.810001,40.880001,40.290001,40.580002,29818900,39.276232
2014-06-11,40.93,41.07,40.77,40.860001,18040000,39.547234
2014-06-10,41.029999,41.16,40.860001,41.110001,15117700,39.789202
2014-06-09,41.389999,41.48,41.02,41.27,15019200,39.944062
2014-06-06,41.48,41.66,41.240002,41.48,24060500,40.147314
2014-06-05,40.59,41.25,40.400002,41.209999,31865200,39.885988
2014-06-04,40.209999,40.369999,39.860001,40.32,23209000,39.024583
2014-06-03,40.599998,40.68,40.25,40.290001,18068900,38.995548
2014-06-02,40.950001,41.09,40.68,40.790001,18504300,39.479484
2014-05-30,40.450001,40.970001,40.25,40.939999,34567600,39.624662
2014-05-29,40.150002,40.349998,39.91,40.34,19888200,39.043941
2014-05-28,40.139999,40.189999,39.82,40.009998,25711500,38.724541
2014-05-27,40.259998,40.259998,39.810001,40.189999,26160600,38.898759
2014-05-23,40.369999,40.369999,40.00,40.119999,18020000,38.831008
2014-05-22,40.290001,40.349998,39.849998,40.099998,20201800,38.81165
2014-05-21,39.799999,40.349998,39.740002,40.349998,22398700,39.053618
2014-05-20,39.68,39.939999,39.459999,39.68,21320900,38.405146
2014-05-19,39.610001,39.82,39.459999,39.75,24537400,38.472896
2014-05-16,39.669998,39.84,39.27,39.830002,29867100,38.550328
2014-05-15,40.09,40.400002,39.509998,39.599998,37793200,38.327714
2014-05-14,40.299999,40.450001,40.049999,40.240002,18818700,38.947155
2014-05-13,39.919998,40.50,39.849998,40.419998,27004800,39.121369
2014-05-12,39.740002,40.02,39.650002,39.970001,22782600,38.414824
2014-05-09,39.540001,39.849998,39.369999,39.540001,29647600,38.001555
2014-05-08,39.34,39.900002,38.970001,39.639999,32120400,38.097662
2014-05-07,39.220001,39.509998,38.509998,39.419998,41744500,37.886221
2014-05-06,39.290001,39.349998,38.950001,39.060001,27112400,37.540231
2014-05-05,39.52,39.639999,39.299999,39.43,22460900,37.895834
2014-05-02,40.310001,40.34,39.66,39.689999,43416600,38.145716
2014-05-01,40.240002,40.360001,39.950001,40.00,28787400,38.443656
2014-04-30,40.400002,40.50,40.169998,40.400002,35458700,38.828094
2014-04-29,41.099998,41.189999,40.389999,40.509998,29636200,38.933811
2014-04-28,40.139999,41.290001,40.09,40.869999,50610200,39.279804
2014-04-25,40.290001,40.68,39.75,39.91,56876800,38.357158
2014-04-24,39.740002,39.970001,39.299999,39.860001,42381600,38.309104
2014-04-23,39.990002,39.990002,39.470001,39.689999,24602800,38.145716
2014-04-22,39.959999,40.139999,39.830002,39.990002,27056700,38.434047
2014-04-21,40.130001,40.150002,39.790001,39.939999,22221200,38.385989
2014-04-17,40.009998,40.200001,39.509998,40.009998,36689400,38.453265
2014-04-16,40.060001,40.419998,39.91,40.400002,30615800,38.828094
2014-04-15,39.34,39.959999,39.049999,39.75,33968700,38.203383
2014-04-14,39.110001,39.41,38.900002,39.18,32006600,37.655561
2014-04-11,39.00,39.790001,39.00,39.209999,34330200,37.684393
2014-04-10,40.439999,40.689999,39.09,39.360001,45960800,37.828558
2014-04-09,39.93,40.549999,39.880001,40.470001,27398700,38.89537
2014-04-08,39.75,39.93,39.200001,39.82,35918600,38.270659
2014-04-07,39.959999,40.27,39.740002,39.799999,37559600,38.251437
2014-04-04,41.25,41.389999,39.639999,39.869999,51409600,38.318713
2014-04-03,41.290001,41.290001,40.709999,41.009998,30139600,39.414357
2014-04-02,41.439999,41.66,41.169998,41.349998,28666700,39.741128
2014-04-01,41.150002,41.59,41.07,41.419998,32605000,39.808404
2014-03-31,40.43,41.50,40.400002,40.990002,46886300,39.395138
2014-03-28,39.790001,40.639999,39.68,40.299999,43472700,38.731983
2014-03-27,39.740002,39.970001,39.34,39.360001,35369200,37.828558
2014-03-26,40.48,40.709999,39.599998,39.790001,41977500,38.241828
2014-03-25,40.66,40.990002,39.959999,40.34,43193100,38.770427
2014-03-24,40.34,40.639999,39.860001,40.50,46098400,38.924202
2014-03-21,40.720001,40.939999,40.009998,40.16,80721800,38.59743
2014-03-20,39.25,40.650002,39.240002,40.330002,59269800,38.760818
2014-03-19,39.470001,39.549999,38.91,39.27,35597200,37.74206
2014-03-18,38.259998,39.900002,38.220001,39.549999,64063900,38.011164

